100 100
0000100011101010010010011001110000101100110011011001110100011001100011100001010010100100001100011100
1110100000001110010101010011110000011010100011111101010100001100101100000001011110111100110101000110
0100110100011010110110011110010111001111100000101111101001001010001001010000011000110110111100011111
1000110010000010111101100110001001000001100000101110100101100110010000111001010100011000010001111000
0111101010111000000000010011011000100111000111100000000100111111111000000011000001101010001010011001
0011001101111001000011001101111000011010100011011101011110010101101000011110010000110100000111010100
0011010000000001101110001110011110010100001010000111000011001111000011001110011111010110001110110001
0110000110110011101001111000111001011111001101111110011100010001010100110110101100101101111011101100
0011101110011100001010100001001111111100111000111011001000011100010000110010011000101110010010010101
0110101000011101100010110001001100110010011001111010000111000011110101100100110101100001010111010100
1110101110111001010010010110011101101010110100011010011010000110010101011111101101010010110010000010
1100101001101010010000010100001100010011100011101001001110010010001011000110101011011010010000110110
0000101001111001010111100100100100111001000110110010001001000001011000100101100101100011111100100001
1000110000101111011001100011111010010001101111000011000001001010001101110001111001111011111101001111
0101011000111101100000100100111010101001000100000001011000110011110000100011000110111101001001001000
1101000101001111101001000101011011000001100010111011100010100111111001111110111111111011111111011110
0000010011100100010000011111000000001100010100011010001100001011000100001010111011100111001011000101
0001001011000100010100101001010111010101000010100011101000100001010000111010101111000110101001111000
1111010100101111010010011111111000101110010011111000010100011001010101001111001010000100010010000001
1100000001100111110010101000000010110010010000001011010101111000010101101001100101010101001010011100
1011110111101000110000010101001001110101010011111100010100110001011000110111001110111010100000001111
1001001100000100000011010101011110100100101111100111010100100001010110000110010010010001001110010100
1100001011011111100111111100101011110010010011000111111000000010110001101110111011000011000111111001
1011011010110111011101010011011000101111010010110110101100000110100101010101101101011001010101000000
1101100010000101010001001111101001000110000000011010001111000110011100100111011101100100010101010100
1110011001101100011010110011000101101001001111110100010000010010001111100111000101001111110010010100
0101010111011111100011011100101000111100100111101000110100010000010110110011000001110100111001111101
1011101100110011111001110000000000001110000001010100101000101000100110010011110001001100000011001111
1001110001100000110000000000100100010100010011101100100110110011011011010100011011000010001011001000
1011100011001100001011000101100101000000001111010001110011110110001000001011010111010001001111110010
0001100111111101001110101001101001100000001110101111011011100000111111110000100111010110001110111100
0110000111000010110111101010110111011000000011000111110000101001000100011110001101101111011001000001
1111001110110110010000011101001001111000101101111000110010000111000000111001011110110001100000101110
1001000010001110101011001001101111001110100110000100110000000011101111011101110010110010100101011011
0100111100100111100110110010100111011100000100000101101111011000001110000001110000001100010100100110
1101110111010010000001011100010010010101010011000100000001001010101001100100110000111000110111011101
0000000100100000001000100101001100110111011110101011110000111000111011111100100001001011110110000111
1111001101001010100010000101100010101101001011111000111110011000001101001001001010110000101001001110
1000101000110101000111011111010110011000000000010100111110110011011100001100011011010110000011011110
0100011101110111110101010101000011011000000001000010010110011010100010101100011111001011001110100100
1111001000001100101011000110000111110111000111010010100100101001000011011110111101100000010101001100
1111101000110010110111100100001000101011000011011011001111010001100010001011000011010100001110110101
0100101100110111101101100011110000110110101001100011011110100010101000000010000000111100111101111110
1101000001111110011100001001011101011001000000111101101110111000110010011000011010101000010000110100
0001110000100000011100101011010100001111101111000101011100111110000001101010011000101101001011011111
0001010100101111100110010111001101100000001111010000011101001001100011001101111111101010000001011101
1110000010010000000100000010011111100111001100010100001110101110010111101001011000010001111011100100
1000010000110011111001101111110100101101110111010001001111011111111001001110100111100101110111000010
1001100111001100110001100011011100101110001100111110101011011001111011000010111001001111000111010000
1101111110100001011010110011011010001000001001011110101011000010100001100100010001100101100001010110
1111001001001101100011001101000101000000110010101000101001011111001100101110010011001010100100111011
0000001111001100010011001111000100001001110011011010000100110111100010000000001010100111110011011110
0011101001101001001011000011001010001100010111110001010110000101011010011010100000011010011111111000
0010111011011111101111010000011011010101001000111010010110001010000011110110111100011100011011010111
0101101001001011011101100100011111000001101101110010011101000101001100000001101100000101100011000000
1001101001001100000011110101111010001110000100111000111001000011011011100011111011010100110011111011
0100111111000001011110101110010000111010010001011111010010001000000111010110110000010011000110110101
1000001000111010101111101111011110011010100110010100011110010010101100010011010101001010100000000010
0011100101101010011000100001000101111100101101111101111101100101101110000000101000101100000011010111
1110100110101101100110111111101011011100111010110101100000011111111001110100111010110011001110000110
1111011000110000100100100010011001001111111010110110111101010110101001110011100110100101100010101101
1100111100001110101011001010100011110111110001101100110001110010110101010101110110101111100111110110
0100111010101010010110001100011111100111001100010110100001000100100101010010111100010100100010111011
0101001001111000011101010100011001111100001101100111101101110001001010110010110010110001010011010110
1111101000101100011100110101001011011101100000010100010100111000101100001100111001100000100010100110
0000011010100000000000111001011000110010000100100011110000101011100110000101100001010111001100110110
0110011100101011111011110110011110011100101111111011011111101100010111111000111001001011100110101110
1101111111011100101111110110101011101100101101100110110101001000101110101111100010001000001101101111
1011000000011001010100000110001000100000101010000011011101011110011000011001001011000001110000001001
0001010011101001101101101110001100100011010101101011001010100001011101100100111000011010010110110110
1010010101011101110110101101000110011011010111111110110010110001101000101110111110000100001101000100
0100101110101110000111100100010010001011110111110100010100111111000100111011010011111101011100001110
0010110101001000001000110001011100101101111000010111010000110000001011110000010101011100100011100000
1111100000101011011011100110011001010110000000101000101001100001111111101001001100111010010001001000
1111001100011101000011100100011100110011000001101100001010001000000101010111000001001100111011110111
1001000110101011111111100111011010010100000110111101011111101101110010001001100011001100111001100001
1001111001100001110001111110011000110110010110110101000100001010001011000100111100001000000111011110
1101100011010111111011110010001010000001110101000000101001100000111110000001011001011111010111000011
0100000110110101100000100100111100011100010011100110010000000100110000011110101011110101010100001101
0101000001111011011100001000100100010110100010011000101011101001110000101111000110111001001110001011
0011111000101001101111010011011000101001111110101010101001000010010111001100011101011001101011101101
0010010000100001011100010011001101001011110010110011111011101011110101011111000100111011110110001011
0001110000111001101000011000100110001111011011101100000011011011000110101101000010101100101001100000
1110110001101110101100100100110001000110100100001010010111110010011100110011000100010010110101010111
1101001011011001111011010110000110010011100010001000010000101010001001100001100111000010111001010001
0011111110101000111100001110100100101001111110001001011110010010001111010101011110100011100111101100
1100110010110110101010010000011110101111010010000001110010000010000101011001011000110101001101111111
0110100101100101000001010000011010010011100110011011011110010010001011101100001111011011110000110010
1110011000111110010000100000001000100010111010000011000000000010110111110101010101111001101001000100
0111101011011111111010011101101110110001010000001110100001100011111110010110000110111000100101010101
0000101101011000110001110011110111101110000110010101111110101000010111100000101110011101010001001110
0111111111111101101010111010000111101111111101010100111111011101010001100010000101111110001101101010
1100101000101010010010000010000100001000110110000111001000000000100001011100000001010100010100010001
1001000101101111011101001000001001001000110100011000100010010111001100011000011111000100001110100111
0101101010111100000111101110111011111111010110010000001111100101001100101010100110010110001000000000
0011111011100001110110010000000010111100110011111001001001000010101101000111001000111110000101100111
0001101110000100000100110000111010100100100001001110010110111111011111011011101010000011111010110100
0001010100101001100100000101010110110101100111010111110101000000001000111101001100101001110101110010
0010010111001010111101000111011100000101110010111101110110010001110011010111110000100011100010101101
1110101011101100101101011011010010101010000111011100001111101110011001111110110101001100000100001100